00000000000100000000000010010011
00000000001000000000000100010011
00000010000000000000111111101111
00000000001100000000000110010011
00000000010000000000001000010011
00000000001000010000001010110011
00000000010100100000100001100011
00000000011000000000001100010011
00000000010100100001100001100011
00000000011100000000001110010011
00000000011000111001100001100011
00000000100000000000010000010011
00000011000000000000010010010011
00000000110001001000010101100111
00000000101100000000010110010011
11111111010000000000011000010011
11111111001100000000011010010011
00000000110001101100100001100011
11111111001000000000011100010011
00000000110001101110100001100011
11111111000100000000011110010011
00000000110101100110100001100011
11111111000000000000100000010011
00000000110101100101100001100011
11111110111100000000100010010011
00000000001000001101100001100011
11111110111000000000100100010011
00000000110101100111100001100011
11111110110100000000100110010011
00000000110001101111100001100011
11111110110000000000101010010011
11111110110000000000101100010011
11111110110000000000101110010011
00000001011010101111100001100011
11111110100000000000110000010011
11111110100000000000110000010011