00100000000000010000000000010011
00100000000000100000000000010011
11000000000000010010000000100011
01100000000000110000000000010011
10000000000001000000000000010011
00000000000000010010000000100011
00100000000001010000000000010011
11000000000000010011000000100011
11100000000000111000000000010011
11110000000000101000000000010011
00000000000010110000000000010011
11011111111111111111111111101111
01101000000011011000000000010011
01111000000000111000000000010011
00000000000011100000000000010011
11000000000010100000000000010011
11111111111111111011000001100011
00000000000011010000000000010011
00100000000011110000000000010011
